3390
535
2660
2301
2329
3163
3223
1444
813
1013
21
3680
582
1218
3837
1450
5612
3573
2529
4783
5118
1010
276
2250
1159
3528
2680
1943
2926
4009
2783
2828
5455
4086
60
852
1426
45
4181
48
1951
302
701
5480
1619
2399
5818
1970
1693
3298
2020
1533
5217
1902
3083
3634
2747
1590
1473
4076
2462
541
4314
927
2363
3877
551
3757
3847
1333
1796
1496
4679
2867
3323
780
5902
501
81
5699
509
5083
671
2321
2457
2309
37
4217
4817
2222
2826
4246
1667
3582
4191
723
5241
643
1035
1794
5404
2497
2836
4050
1437
2592
4543
2678
5754
4415
939
2908
587
3669
879
3978
4640
958
605
5345
5281
3571
5057
912
3919
3095
4936
2767
2914
5709
4607
2294
2502
3767
4610
4695
4
5573
5891
2589
4805
1353
388
1310
5132
4165
1962
4374
4395
4743
681
1641
4602
5298
1436
5601
2456
4987
2992
1254
4517
1681
2566
5531
858
1618
3813
3018
5713
213
502
1544
2011
1745
581
5407
2815
4457
4350
5652
1994
1948
3453
256
5587
3332
5488
2597
39
4416
4807
2023
5490
3869
5184
5858
4230
4877
5502
1235
824
3179
5906
3389
97
5155
736
4948
2388
2913
5947
2848
260
1032
4801
2233
2539
4167
2102
5679
3462
3951
4686
4791
4946
3699
409
981
1878
4465
1769
854
4556
3142
1462
3249
1598
293
4343
857
843
1674
950
1614
198
2523
3232
2055
873
2465
2088
4434
3916
4070
3960
5165
371
2551
2380
3464
3726
3542
255
1503
5628
3734
473
3722
3591
4660
2822
516
1592
984
5419
1773
2164
5310
2918
4245
4583
2251
2107
3968
2234
3014
1972
2987
523
4057
3561
4694
3406
2013
3053
3235
1001
3414
975
5523
3019
5335
1071
5382
2104
543
5326
5519
4892
584
336
940
646
4392
3445
663
4196
4687
4309
2706
793
4594
5458
5144
1118
5893
3631
2205
3011
3937
363
5216
1653
4781
2973
1639
2199
4463
4796
3077
4006
2053
1328
4406
1269
5352
3173
1391
2394
4730
3938
654
2622
3250
4979
2079
5651
3832
3455
4959
4524
942
5973
1778
3543
3776
4888
4035
694
4854
1459
2169
589
1448
83
4219
3008
951
676
2138
1096
2757
1606
737
4773
3219
965
4473
1074
4859
5943
691
1377
3532
856
2050
1052
3055
5599
5854
2830
5264
4234
1587
1335
32
2254
62
1166
3983
603
3340
504
5611
615
724
3802
2245
395
3374
2128
631
4141
1616
1427
5098
754
5682
2782
328
2959
1059
5889
240
2871
1428
4436
5103
4182
4869
798
1537
3211
4045
4865
4011
1939
367
3587
3839
5797
204
4803
3715
3766
963
4617
4651
3327
1168
2692
3575
1964
375
4931
5665
211
4038
5087
5995
5648
3255
3306
3030
699
2774
1021
5935
191
565
4143
2594
796
2193
1973
1849
33
982
1779
3444
931
3291
67
4842
2527
4313
1801
998
2095
1920
3015
1886
728
3348
2770
1322
3188
3917
2793
579
2197
598
5469
5063
5166
1891
2312
269
5786
934
1605
1062
5809
1139
3274
2983
5368
481
5551
678
2066
970
4119
4204
4623
3817
4124
333
5076
3740
5386
4896
5493
1617
4139
4795
4199
5112
3125
2886
330
1536
4825
4644
3230
190
1046
3985
2427
5971
5909
271
3668
1317
2377
5028
4643
1909
2208
5405
2221
5529
2936
3012
4920
520
5819
148
2761
5291
2508
397
3849
2591
5884
209
3496
2971
969
4884
1250
5591
2262
1764
1524
1326
2798
5292
1706
2960
1556
2287
3904
3547
2977
5560
4342
989
5325
3576
1368
5870
2116
1337
2021
2040
4145
5371
2418
1636
3914
1715
3541
5153
1408
3220
1703
4960
3418
2286
4813
199
5001
1257
3553
1200
36
4438
4735
4294
1872
4668
3891
5378
13
2492
5313
3876
5541
1425
5954
2444
181
5684
1763
4507
2892
2974
2626
915
3016
475
3436
3381
326
4875
5978
2142
1814
3244
2549
1567
894
5439
5828
3388
5370
2986
316
2119
5785
4966
3166
3527
1529
3212
2772
1057
3797
5826
3410
4621
2051
3336
2556
1270
686
4604
532
5644
4809
1913
2701
5864
5712
3372
3529
2231
2452
3831
86
5061
1958
4102
2613
2966
2688
503
344
3447
5856
5305
2765
3515
656
5399
4444
3574
2271
2528
3623
1603
1666
955
4995
3683
929
2624
5810
1279
1268
212
3790
5623
1662
4203
3994
2723
4014
466
3197
3169
1488
5653
1896
844
614
5423
2820
346
329
2027
5472
5413
4639
1305
2194
5524
5576
1897
5299
4194
4689
2617
1020
1600
1907
5053
5430
5403
5115
1223
2614
450
370
2223
4289
161
5982
5214
1044
1627
4240
4886
5507
392
4065
5064
5875
3373
2652
1558
2359
1866
419
1132
871
2695
4060
3627
5316
440
3438
2917
18
3617
1741
4611
1089
1068
5440
1502
3105
2397
5640
1180
3285
5509
2154
2191
2536
3441
5958
1394
5708
5536
2361
5072
3242
1906
1453
3329
1971
5242
2489
3502
1078
5268
4821
1479
811
3513
2111
3982
4169
2057
2850
5822
93
3362
5483
3751
3112
5198
5516
914
1306
2132
167
1699
2585
206
2625
3605
4397
1347
3365
2413
3236
5208
591
4751
5642
1454
4250
1187
1225
279
4837
3186
860
5857
5568
3560
4993
645
3592
1726
4292
3867
3074
3006
4456
2323
2275
2106
1237
2505
2091
1576
5538
264
2758
3823
5554
4565
4537
116
4281
4131
1631
2670
1937
944
3475
2724
1330
1963
521
4010
1531
4258
636
5983
2709
1241
5808
3947
3034
2735
4712
4828
1481
5453
4515
3491
5071
4146
4326
4669
5929
2130
3635
144
1654
4347
4829
5012
2884
1538
31
4637
1604
5013
505
4423
4027
1038
5688
318
2739
5992
5811
3779
3717
5619
1733
383
5452
4555
1980
1158
3481
662
4626
2366
2912
4559
5728
3364
5695
4722
4419
559
5779
5957
5362
3387
5632
1112
1697
4482
5829
2037
313
4531
3325
2043
89
41
2227
242
3503
2673
5331
753
2766
232
4271
592
2480
2996
2407
252
924
5914
1456
3859
5289
1510
3667
3151
2785
3504
4654
1370
5435
1718
3800
98
3666
1690
1103
5203
3501
5190
3403
1160
3010
599
4255
3745
973
2933
5542
2236
689
265
4762
63
2158
2421
3057
5000
5791
5562
4412
2859
3671
1959
594
5584
5383
2638
5683
4790
925
3430
5950
4381
1684
4900
5223
2634
3880
5890
3636
2255
5626
1957
2838
259
5246
5806
3346
5863
5771
2623
101
1831
4491
2304
312
2499
3452
1523
4945
3086
2639
4151
1299
918
5944
784
4528
2769
5547
2200
5861
5029
5237
2360
3075
1082
5111
1946
5645
3175
2844
285
4802
4187
3997
1701
5543
5595
3422
2554
2022
3566
4634
1791
4833
3640
4657
4370
2807
5303
1233
3213
5814
4082
710
1403
5218
5171
4649
1157
2454
5177
4671
1647
4152
1682
3187
5284
3801
1179
4628
1928
3059
4690
5212
837
5091
4609
4081
3912
906
5557
5851
4210
44
3763
4433
4101
666
52
4449
2663
1292
1051
2716
229
687
280
1782
997
4402
3946
4248
2503
4505
949
4106
1643
2085
1802
1625
2038
1281
1283
5448
484
1369
5614
1320
2620
2353
3119
3040
808
3354
3041
155
306
4999
897
493
1837
4549
4972
2058
3322
4954
2633
1732
5161
4020
1047
3378
4312
3805
2125
5598
5615
3158
278
2631
3629
5158
2068
2975
5997
5949
5188
431
1354
3977
1549
4003
3205
2326
3122
730
3407
3517
4285
394
583
3505
602
2627
5669
3637
2171
606
756
4361
4614
4221
1438
1345
4087
5744
1141
4533
5661
3612
4950
3476
1573
1042
438
3621
1409
4452
3338
1570
3857
3110
4459
2276
2348
3194
987
4159
3310
3943
5868
1031
2291
2720
660
2575
2603
4341
4567
3456
3808
5755
2017
1362
3182
2141
3521
3806
104
2545
5077
5222
3567
1809
3696
3754
4548
4893
5873
1452
361
2905
1151
1069
4300
3379
2496
4616
2572
3092
1652
3583
4557
2270
5492
5229
3991
985
3233
2369
2124
1501
3058
289
2090
2274
1938
4088
1596
5553
3431
381
5324
5394
576
5783
5894
4053
3981
2615
1
2016
1222
324
3318
3370
5756
4206
5085
1464
4356
2665
783
653
4450
3604
4162
5666
2967
4077
2285
2919
3648
3589
1469
4113
4257
2098
5569
4211
2801
2376
429
133
1613
3356
4338
483
1629
3703
805
4293
3841
1419
3713
223
2873
848
2374
5766
3853
4971
5659
3935
2577
3931
1950
3342
1695
3954
1276
3848
3193
633
2931
2895
4769
4123
2819
2134
1698
5638
1553
1550
1960
884
3395
4768
1644
5365
3472
766
2177
3872
5346
3881
4490
1300
1045
266
2410
673
452
5602
2042
693
5850
3688
5186
3743
404
3780
5359
2810
3215
806
3280
3748
2608
5431
5446
2483
3290
2887
4319
3558
2423
4348
4862
1049
3349
261
781
1748
5461
2896
196
4387
5391
2430
444
1341
5855
3382
3628
3632
4897
2668
1221
3072
2643
3160
1945
2821
1577
1917
4226
4296
3170
5981
2335
4782
3728
487
1874
3894
2097
3130
4120
5650
4756
2087
355
3784
499
1998
3254
2839
817
1702
1660
1083
5224
4585
1315
2957
5417
2661
214
5539
154
5424
2056
4625
3655
163
3657
1470
4355
1206
5199
2728
5269
130
3531
4759
1106
1156
1840
623
1885
5849
644
1834
2131
4597
4054
1923
658
3260
4658
725
3360
3141
4666
3861
3150
2755
3984
3674
3116
1725
5195
863
4064
2404
947
5762
2526
5792
3078
4882
4748
456
5928
5420
3783
2266
4832
26
3772
2373
3579
1466
1528
512
1671
4393
1868
2018
861
4747
552
4641
4437
1830
2084
4477
1252
5254
4926
1266
465
4577
2176
5034
5676
2247
3750
616
3079
1389
1743
4839
2490
2332
335
1116
5014
5073
1996
1783
4225
777
4323
2426
3702
1410
3684
4351
3155
3597
4588
807
4332
2740
424
2371
5558
2024
5528
3293
1204
5302
5668
5630
1551
1665
2246
3363
3909
3934
1344
1911
4750
1205
1030
604
2136
4550
742
3434
1887
4274
3526
515
379
2989
2707
3595
3383
4021
1595
2173
4056
5037
4519
4316
4031
3192
4307
230
4394
2641
747
3828
5045
619
334
1064
386
3681
2181
4284
5555
4547
4493
4871
2559
1621
137
3157
3037
2352
2910
1066
5834
4729
3222
2595
2734
1308
350
5636
3038
1097
4044
2047
2662
5986
3042
2182
3177
1615
299
4414
4511
2108
1298
88
826
4937
131
4566
4279
1645
3473
5633
1786
4233
2570
3896
5931
4029
4663
3810
2212
4728
2062
3799
5702
4532
4605
5575
3811
2732
2962
2431
178
4907
1941
4058
3261
5655
3047
4072
4451
5090
2791
2827
6
1124
2963
2607
2557
5800
4110
1220
1101
1195
3653
171
4812
3884
128
5559
3238
3239
3449
1491
634
3972
1165
1864
4339
941
3899
4784
1356
1879
763
867
3120
485
2950
4043
156
3556
5236
4499
881
1508
2411
3343
3189
1875
760
3216
3426
1194
5895
5596
2144
448
3165
3228
1352
3498
5425
5025
2211
3419
544
1499
3081
1174
1114
3995
2927
5374
1351
2185
2216
2179
4308
2618
453
4810
1080
182
2305
4358
1936
2938
5504
3328
3616
3229
5662
2210
1219
4804
1128
4545
5411
3714
3167
1143
569
3138
945
4080
1876
2391
4965
5930
1843
3256
3860
4277
2842
3399
2188
234
4814
4340
3598
711
16
1274
5772
471
284
5486
4508
1593
1208
2140
3856
2548
5154
2076
3007
3049
1750
4041
2405
3454
1987
3401
4306
3969
4914
5445
4008
726
292
2118
4989
659
2449
434
5447
1564
2504
1869
359
4939
2647
3759
4912
145
1402
3147
4287
2790
1888
417
5919
804
4725
1562
2432
4571
3196
2092
3588
2122
1547
819
2982
5354
5164
218
2860
2425
180
1728
2295
159
1164
5176
2676
2564
1486
478
184
2956
635
5220
1976
2229
4192
2049
2476
5169
3649
235
1056
3000
2500
3181
1535
4128
4357
1845
2086
767
5347
3284
5681
188
5351
4662
5128
4329
665
2788
3865
3825
1807
1191
2474
5673
139
865
4049
5718
2381
195
5869
3273
3295
3701
1023
3827
5022
2313
1669
5196
4353
597
5577
1511
5024
5016
5238
2745
1350
5813
1316
205
3760
5759
607
5457
4589
4848
411
2513
3961
5923
1055
2789
637
1810
5172
1829
2242
2935
5787
1259
3970
2015
5232
5023
58
4052
5899
124
1650
3814
3025
1186
3470
1968
2002
1637
5465
2864
1534
1130
3121
5701
568
4263
201
216
3781
1430
2340
337
3021
4915
3269
5295
1244
4661
3486
1017
4598
2651
1084
4510
1155
1348
2001
2852
838
2201
3691
5294
3424
1163
5143
4163
596
5877
5926
1571
4504
980
2656
4171
2888
5270
5960
4158
407
3785
1153
2715
4359
3615
3870
1661
5965
294
4895
2978
5714
5255
49
5882
5418
2686
1789
4090
717
1379
347
3660
4367
2393
3735
4471
2386
5927
1899
4448
4299
9
1685
3094
1754
1111
5578
5749
1113
1334
608
946
2014
1154
1485
46
1012
2387
1977
4552
4581
4022
1792
228
4479
3562
398
4000
2995
3248
4786
4125
2396
2699
2722
5323
3957
850
1467
4286
4635
2156
1018
5897
586
3924
4383
714
4252
5002
814
5344
1527
1245
1355
1664
4164
3523
2178
3665
2219
92
2297
80
4427
5429
5287
3850
4177
1236
1953
2070
2249
1856
1325
5285
3906
5921
5852
3210
5739
4731
3392
4439
1915
4156
3299
1932
3076
4435
624
5252
158
5301
1546
765
166
1597
3822
4831
3819
698
27
5886
5843
1293
5888
4844
4590
4004
4333
3738
3878
794
2835
4275
2937
1203
836
4369
3174
2008
4247
2847
5095
5522
5389
3114
5962
1857
1683
4244
1489
758
4704
2184
3337
593
4632
716
5675
5174
1572
2658
3330
24
2026
3921
5767
5751
2378
2389
5757
4291
3964
4691
2059
5307
2525
2684
2039
3168
2435
696
1771
4719
5187
5976
3262
734
3514
3858
1826
872
4665
4619
3178
4097
432
2980
1053
3423
3682
5974
1319
3862
4513
4475
4330
822
1815
2428
5398
1993
4935
1602
1756
1085
3786
3413
2367
1924
3490
2298
4331
418
3267
2725
3241
2630
4564
4755
1480
3159
1518
757
3551
510
1505
1608
2067
4489
3834
5667
4953
3815
301
1005
2471
5380
5392
4785
4601
3352
5693
1048
1429
2447
4742
150
3451
2073
5134
5067
2776
5192
4254
2074
4943
1025
733
5911
1873
412
4033
1965
1630
1361
899
368
2569
993
508
2035
3126
4190
3578
5594
5042
2133
5721
1386
1006
2649
1648
519
800
405
1712
152
5916
3552
5148
5339
849
185
534
1475
1912
2121
5697
78
1424
4876
5977
4334
1302
4238
2598
237
4462
5885
115
545
169
1309
1634
1624
100
5416
2036
745
547
4409
812
948
4536
874
5477
3958
3768
2150
3435
928
170
4938
4239
1659
3677
445
341
3816
5980
1184
2292
1989
3278
4458
2402
4834
2743
5434
3647
99
3001
4488
1833
3471
2616
1569
5967
1594
4242
5572
5221
2501
1398
310
5933
4765
151
5117
4677
273
4317
5820
677
2507
797
954
110
5005
3300
921
3659
5678
964
3686
248
764
1966
22
3585
1404
1098
5387
3317
3268
4411
3752
4688
988
877
2032
121
3135
4535
5532
1313
5468
5540
5790
4486
2875
2542
1609
5672
4503
1986
5234
4705
2362
331
3518
3996
1359
2964
3769
4500
5664
661
4792
4382
3314
2762
4997
3036
1646
1301
1434
2460
68
5018
4023
2628
4474
2019
720
649
3204
3685
442
4715
4168
5686
991
3355
5402
210
4984
4901
5104
3420
5206
4799
4629
257
4290
2932
4858
5784
3129
4283
3577
2230
2988
2422
1054
890
2636
3773
3712
3143
4717
5297
254
5300
5613
2406
1797
590
2854
3017
1714
4422
2436
2355
3013
1861
3027
4599
4460
1747
3468
4111
1487
5501
2535
5145
4612
825
1565
1774
4561
1177
4692
3563
2853
4753
5565
5805
3565
5384
5385
1447
4298
1460
1287
2773
2993
5449
4789
2609
1405
5089
4178
2600
4676
4095
1584
2576
3705
393
1484
1275
5080
3694
722
2560
1704
3335
4878
3803
3224
5056
2448
3087
3607
5151
5842
2469
5180
5096
243
4990
5185
4126
1199
1676
4028
1952
5482
1720
1060
3918
792
971
1140
5717
5479
4910
2736
5904
1431
4288
4648
2459
4215
4019
2764
3353
5637
5168
3721
876
4327
2162
1735
3091
3753
4363
1364
2945
3993
3200
4336
3377
203
629
1026
566
3231
1688
4600
5934
3838
5375
5189
740
5773
3920
2644
1914
3610
2149
5530
5798
5903
2110
390
2588
2333
2273
476
77
639
1472
4235
3484
1919
2416
5213
5470
4898
4069
2893
4958
4441
4724
5046
1131
785
5932
4540
4520
5258
5097
5912
5426
3915
3761
2524
5366
1633
3270
4815
1458
4197
4092
117
3549
859
1365
1240
1067
5116
2370
5231
1820
5525
5459
5248
2153
5163
4470
4481
496
1855
2069
3534
2463
5119
2455
1043
2800
4388
4981
2330
3035
4062
351
4811
3482
2511
4160
1188
995
4659
3258
630
408
4468
3051
270
5
3045
746
830
537
5769
3789
2532
1416
3706
95
4986
1850
3777
2375
4303
1288
4627
5129
2730
5545
1933
4656
1863
378
2372
207
3101
5503
70
2567
4823
309
2990
1507
4321
5838
4161
1583
5086
2816
2316
1760
2657
2065
3746
2512
3709
5100
1545
2677
1073
2851
287
1540
5658
1126
4911
2540
2160
2753
2969
855
3829
3097
904
2703
1384
787
5432
3191
1927
5030
5994
5631
3023
672
3873
5836
2288
3770
3466
2877
3742
1183
1575
2610
585
3467
3544
2797
1898
759
5552
5506
3764
5556
1483
374
2779
2534
2563
4400
5725
2593
132
1612
1285
2693
2486
3408
5131
1088
3711
5259
1374
555
3043
2546
136
1273
4405
1382
3428
3652
1727
4713
5956
3771
3555
2419
1870
3540
4396
2408
750
3148
3153
5910
2468
905
4034
4424
5130
513
507
3324
2907
4572
2602
2601
2653
853
1197
2784
3341
1563
5140
3206
3687
401
1261
3307
5830
2152
1471
5194
870
5473
3409
2514
5985
3333
4134
1787
1582
2491
2711
4476
226
2605
1357
461
1331
5535
2190
2445
2726
839
3844
3846
2515
2
5566
2547
354
5332
4861
669
1867
2943
5945
3070
3443
1981
3697
5711
788
5989
3071
437
1072
5438
5511
3520
4467
420
1742
2517
402
668
5075
5846
4624
5654
3890
1675
3718
3663
5862
1823
3883
3618
3747
4494
29
2443
102
4596
47
1752
3998
1689
1253
1476
622
2721
674
5823
2472
352
1230
3082
2109
5415
4866
2479
463
816
2384
5715
3263
5201
685
761
3245
5908
2439
3064
2565
2189
4485
467
2555
1969
3243
5696
3067
4996
4048
5505
3673
5026
3942
542
2226
5397
319
3046
900
2012
1421
1477
5279
959
2075
2562
5412
5972
1492
3864
4228
3088
4916
1930
2775
803
3698
778
5191
5987
28
2010
1034
528
1349
4890
3497
238
5069
143
5288
343
1406
675
106
4446
5500
4295
5876
3326
1709
5961
5079
3442
4975
282
5243
4129
3654
3184
250
3271
2338
3557
126
3380
1286
1169
3411
4698
5643
5745
482
2979
4420
5010
2949
4575
818
3624
3202
1209
3922
406
74
2717
972
923
4820
5178
183
2659
3405
1284
2719
2494
1785
5719
1724
5109
3965
2320
3639
4001
4618
4183
5027
3524
4222
4570
5036
3207
4909
5603
5605
618
553
2930
219
919
134
1000
2217
5355
916
4172
2071
2880
5146
5078
4013
1711
2232
2942
3720
4757
4760
208
2089
1087
4032
5267
3052
1995
4860
3124
4701
4017
5878
2856
4852
3851
3005
5804
4150
771
5526
459
427
709
2166
3516
5312
1947
1117
4179
5731
4324
5342
2368
3056
4012
4879
1934
5747
5881
4224
5484
1626
2096
2780
5127
5008
3939
4496
4827
4645
4904
3833
4951
911
2004
317
2061
2003
3063
3376
3596
4885
4136
1903
3992
4417
4421
1805
3283
2041
2204
5491
3073
1036
1065
4638
5964
966
880
2811
3835
3907
5040
933
5249
4207
3901
4094
2244
2870
4746
1152
5377
3099
5329
3450
1762
4213
2809
3002
1003
3879
4318
2581
4173
3614
236
5705
1935
2742
1871
2531
1307
5211
1214
5593
3113
5304
2155
4816
4109
5778
2063
974
5019
2365
3658
690
1736
2148
5311
4112
365
3308
2812
2209
2944
5081
5228
1198
1859
5706
4073
1343
4970
4132
2349
2235
2953
2450
664
706
2146
1063
20
4776
4447
680
3633
410
1108
1296
895
4091
3319
1753
2713
4667
2120
123
4929
718
4872
3500
125
883
3289
3199
2646
5266
1835
511
138
5729
5871
2731
4569
1439
4007
4055
4492
5761
1090
4133
4384
790
119
2261
1358
2754
498
4542
4672
2632
3090
245
1135
1825
1895
1889
5920
4051
1663
5066
4282
2768
3106
1910
2509
1649
1568
956
5720
4061
4280
1120
4727
2025
2342
4526
2845
1412
200
2553
1822
4380
2934
5060
5099
4976
990
4301
5123
2303
3350
5409
4977
4863
5041
5789
2470
3162
1440
5586
96
5853
4251
5518
17
3134
1798
2224
4117
1011
2478
1838
1076
5517
4845
4063
1493
267
3723
3461
4546
2493
1231
43
2322
1129
3892
943
1373
3875
4365
2750
2947
835
2883
5011
5181
1979
1765
1880
588
391
1249
3044
1360
2804
2915
5183
4256
1107
978
2000
4744
5639
601
1243
1258
2080
4103
3672
3611
4822
5318
3675
1623
1846
4967
2573
3602
4787
3393
1790
2530
4714
3225
721
3499
4772
4403
4352
514
3695
5159
4025
5580
5597
2464
4042
2898
82
4138
5369
2922
3905
1482
548
1985
2981
4024
5406
4853
3821
4142
176
4560
4978
5101
1109
4311
1607
1441
4205
875
2558
4899
4840
1246
3031
2237
3986
4593
2112
4558
2105
2705
3679
3286
5898
2129
3908
4843
4974
4016
2318
233
1497
56
4386
962
5839
1178
2225
3590
1238
2889
1465
4107
3925
1314
5082
4079
864
741
3060
3758
436
3732
5162
5070
632
1455
4653
2420
1515
3297
5746
5408
609
3507
4964
4941
1844
4373
3137
3537
4349
2682
3429
90
1110
3139
5427
967
396
5624
5450
4771
5627
3127
4121
2777
3439
446
3530
231
2341
5734
1468
2843
2879
4208
3586
5464
4766
3437
1632
1842
743
2805
76
3344
2940
5887
4377
2137
2648
5433
2510
2005
2072
2667
1375
2403
2655
1954
5521
3729
3911
2438
1463
2356
1061
225
4464
4652
3351
1058
3793
2006
5244
3288
5583
625
652
480
833
626
50
470
1925
3956
2522
2899
4928
1997
2100
862
842
3959
4084
3796
380
5817
4633
5121
2334
3840
2537
539
5563
2516
1677
5133
1892
1134
5589
1799
2198
3953
5142
3619
113
2383
5343
3149
5388
1396
2909
4212
3492
5670
3888
5781
5136
1658
5478
5296
4154
1776
2552
549
3296
2642
770
1589
5094
4497
3704
3032
1749
775
288
957
570
4905
3107
5812
4408
5677
5122
1027
4232
5733
2586
5373
3257
1730
2083
1363
14
193
708
779
647
889
3525
1766
458
4512
2961
3136
443
3459
2265
308
888
1808
1215
5760
2866
3855
5485
4047
4268
2451
5167
610
4085
5328
2702
595
3028
5319
1442
298
994
2279
3131
5475
638
5340
2714
15
1380
5617
4320
108
3415
1490
3398
611
5235
1983
2671
1100
4927
4495
562
5880
4137
4682
1234
1974
3724
457
3973
3708
372
4697
3733
1443
385
3020
3425
5649
4703
3494
5230
961
3004
2082
1474
795
2794
1900
3940
5265
776
2635
1848
922
3096
1228
3312
1717
1383
5936
2498
1189
5261
3736
5451
4360
4706
5276
1247
112
2806
3396
1978
3927
4366
4315
399
1449
773
5776
4947
4880
54
4026
3084
2033
1691
4835
5879
4992
4379
3009
5608
2429
4763
5356
1781
1446
272
5564
550
474
4243
1277
5585
5513
1014
435
1541
1942
1224
2192
5499
3926
3737
2891
2984
492
65
4071
3601
1175
1173
2786
3345
2143
75
3161
468
338
277
5610
4399
3292
4857
1022
3487
2139
1105
4371
2550
3689
845
2672
2252
3539
1591
1185
4149
5991
2477
909
5803
5035
2813
4135
5574
477
4068
362
5691
5487
1816
94
4166
5548
3102
3339
3824
2929
932
1543
5750
1079
3281
1099
2264
3707
2729
4270
5847
802
1554
2921
4469
1039
2315
1041
1819
4826
1150
464
5141
71
2825
4988
744
79
789
3903
1949
5245
4539
59
2034
1991
1346
4099
769
524
1289
3366
3842
4764
5951
5941
2955
5463
358
4554
3100
4873
3820
2698
2433
5444
5059
5017
4808
129
2818
4046
4767
4155
1678
2009
5114
5925
2991
3172
5306
5570
4723
2267
494
307
1332
5009
4930
621
5381
908
1418
3948
1029
3480
4322
1800
4523
1580
489
5859
1336
3795
5656
4664
5647
5736
